BWD;delai;gigue;qualite;FR;Floss;CPUmoy;MOS
1024;432;46;144p10;10;5;4%;1
1024;393;55;144p10;10;7;4%;1
1024;480;54;144p10;10;5;10%;1
1024;341;44;144p10;10;4;19%;1
1536;354;65;144p10;10;5;18%;1
1536;354;65;144p10;10;4;14%;1
1536;494;67;144p10;10;3;15%;1
1536;480;65;144p10;10;0;15%;1
1536;360;43;144p10;10;3;8%;1
1536;393;26;144p10;10;2;8%;1
2048;465;80;144p10;10;2;4%;1
2048;483;64;144p10;10;5;10%;1
2048;502;63;144p10;10;5;14%;1
2560;454;80;144p10;10;0;8%;1
2560;480;73;144p10;10;0;14%;1
2560;483;34;144p10;10;5;11%;1
2560;494;124;144p10;10;6;14%;1
3072;426;47;144p10;10;5;11%;1
3584;435;69;144p10;10;7;12%;1
3584;435;71;144p10;10;8;10%;1
3584;435;71;144p10;10;7;16%;1
3584;324;32;144p10;10;9;13%;1
3584;481;41;144p10;10;8;15%;1
3584;411;32;144p10;10;6;10%;1
4608;439;36;144p10;10;8;7%;1
1024;335;36;240p30;30;9;3%;1
1024;305;47;240p30;30;8;4%;1
1024;305;47;240p30;30;5;4%;1
1024;328;52;240p30;30;4;4%;1
1024;531;76;240p30;30;7;16%;1
1024;444;84;240p30;30;0;10%;1
1024;482;82;240p30;30;0;13%;1
1024;323;37;240p30;30;0;15%;1
1536;370;35;144p10;10;2;3%;2
1536;328;49;144p10;10;2;3%;2
1536;393;54;144p10;10;2;4%;2
1536;357;65;144p10;10;2;4%;2
1536;357;65;144p10;10;2;4%;2
1536;363;63;144p10;10;0;13%;2
1536;497;84;144p10;10;0;11%;2
1536;527;56;144p10;10;1;8%;2
1536;472;34;144p10;10;1;10%;2
1536;487;36;144p10;10;1;11%;2
1536;394;45;144p10;10;0;12%;2
1536;433;32;144p10;10;0;7%;2
2048;349;68;144p10;10;0;3%;2
2048;450;33;144p10;10;0;3%;2
2048;325;39;144p10;10;0;15%;2
2048;483;64;144p10;10;0;18%;2
2048;304;43;144p10;10;0;12%;2
2048;285;46;144p10;10;0;12%;2
2560;295;47;144p10;10;0;4%;2
2560;461;41;144p10;10;0;4%;2
2560;470;84;144p10;10;0;4%;2
2560;456;42;144p10;10;0;4%;2
2560;395;70;144p10;10;0;4%;2
2560;395;70;144p10;10;0;4%;2
2560;303;43;144p10;10;0;4%;2
2560;487;62;144p10;10;0;16%;2
2560;486;78;144p10;10;0;13%;2
2560;497;45;144p10;10;0;9%;2
3072;454;51;144p10;10;2;11%;2
3072;334;28;144p10;10;0;18%;2
3072;403;33;144p10;10;0;10%;2
3072;309;30;144p10;10;0;7%;2
3072;499;18;144p10;10;0;7%;2
3072;424;68;144p10;10;0;10%;2
3072;407;61;144p10;10;0;10%;2
3584;289;37;144p10;10;0;4%;2
3584;289;37;144p10;10;0;4%;2
3584;333;34;144p10;10;0;4%;2
3584;477;57;144p10;10;4;11%;2
4096;292;47;144p10;10;6;4%;2
4096;274;39;144p10;10;0;4%;2
4608;285;54;144p10;10;0;14%;2
4608;285;54;144p10;10;2;16%;2
4608;348;43;144p10;10;5;14%;2
4608;407;63;144p10;10;4;16%;2
4608;439;36;144p10;10;0;7%;2
1024;308;55;240p30;30;0;15%;2
1024;308;55;240p30;30;0;15%;2
1024;300;39;240p30;30;0;9%;2
1024;410;53;240p30;30;0;9%;2
1536;377;63;240p30;30;1;4%;2
1536;393;54;240p30;30;0;4%;2
1536;371;80;240p30;30;0;4%;2
1536;458;78;240p30;30;0;10%;2
2048;480;48;240p30;30;0;13%;2
2048;304;43;240p30;15;0;9%;2
2560;489;82;240p30;30;0;11%;2
2560;438;44;240p30;30;0;12%;2
2560;347;36;240p30;30;0;14%;2
3072;502;33;240p30;15;0;3%;2
3072;310;48;240p30;30;0;3%;2
3072;324;41;240p30;30;0;3%;2
3072;414;68;240p30;30;0;14%;2
3072;416;70;240p30;30;0;12%;2
3072;438;40;240p30;30;0;12%;2
1024;472;85;360p30;15;0;15%;2
1536;480;65;360p30;10;1;16%;2
1024;341;44;480p30;30;0;13%;2
2048;403;60;480p30;25;2;15%;2
2048;403;60;480p30;30;4;16%;2
4096;374;39;1080p30;30;14;4%;2
1536;433;32;144p10;10;0;6%;3
1024;300;39;240p30;30;0;8%;3
1024;433;38;240p30;30;1;16%;3
1024;426;49;240p30;30;0;6%;3
1536;370;35;240p30;30;0;3%;3
1536;534;53;240p30;30;5;3%;3
1536;303;65;240p30;30;3;4%;3
1536;494;67;240p30;30;0;11%;3
1536;488;77;240p30;30;0;14%;3
1536;487;36;240p30;30;0;9%;3
1536;436;46;240p30;30;0;13%;3
1536;436;46;240p30;30;0;15%;3
1536;436;46;240p30;30;0;11%;3
1536;301;37;240p30;30;0;9%;3
2048;339;35;240p30;30;0;3%;3
2048;480;48;240p30;30;0;10%;3
2048;399;70;240p30;30;0;19%;3
2048;403;60;240p30;30;0;14%;3
2560;330;52;240p30;30;1;4%;3
2560;316;52;240p30;30;0;4%;3
2560;305;61;240p30;30;0;4%;3
2560;505;51;240p30;30;0;16%;3
2560;505;51;240p30;30;0;13%;3
2560;386;52;240p30;30;0;10%;3
2560;487;62;240p30;30;0;10%;3
2560;487;62;240p30;30;0;19%;3
2560;497;45;240p30;30;0;11%;3
2560;415;54;240p30;30;0;16%;3
2560;427;46;240p30;30;0;16%;3
2560;390;51;240p30;30;0;6%;3
3072;313;72;240p30;30;0;4%;3
3072;449;47;240p30;30;0;4%;3
3072;326;61;240p30;30;0;19%;3
3072;487;42;240p30;30;0;11%;3
3072;334;28;240p30;30;0;11%;3
3072;334;28;240p30;30;0;18%;3
3072;469;66;240p30;30;0;14%;3
3072;412;48;240p30;30;0;5%;3
3072;408;33;240p30;30;0;8%;3
3072;408;33;240p30;30;0;10%;3
3072;304;39;240p30;30;0;9%;3
3072;407;61;240p30;30;0;10%;3
3584;435;93;240p30;30;0;4%;3
3584;379;73;240p30;30;0;21%;3
3584;377;56;240p30;30;0;19%;3
3584;332;32;240p30;30;0;11%;3
3584;332;32;240p30;30;0;16%;3
3584;477;57;240p30;30;0;18%;3
3584;330;27;240p30;30;0;10%;3
3584;341;33;240p30;30;0;18%;3
3584;481;41;240p30;30;0;21%;3
3584;421;58;240p30;30;0;16%;3
4096;303;65;240p30;30;1;4%;3
4096;477;50;240p30;30;0;14%;3
4096;292;37;240p30;30;0;11%;3
4096;307;49;240p30;30;0;15%;3
4608;390;59;240p30;30;0;16%;3
4608;328;39;240p30;30;0;8%;3
1536;286;48;360p30;25;0;4%;3
1536;429;37;360p30;15;2;7%;3
2048;489;72;360p30;20;0;14%;3
2560;302;54;360p30;15;1;4%;3
4096;425;29;360p30;30;0;9%;3
2560;386;52;720p30;30;3;16%;3
4096;292;47;1080p30;30;7;4%;3
2048;450;33;240p30;30;0;3%;4
3072;328;36;240p30;30;0;4%;4
3072;480;74;240p30;30;0;10%;4
1536;393;26;360p30;30;0;7%;4
2048;303;48;360p30;30;1;3%;4
2048;439;72;360p30;30;2;13%;4
2048;304;43;360p30;30;0;10%;4
2560;415;54;360p30;25;1;15%;4
3072;273;23;360p30;30;0;3%;4
3072;264;39;360p30;30;0;4%;4
3072;447;56;360p30;30;0;17%;4
3072;487;42;360p30;30;0;10%;4
3072;480;74;360p30;30;0;18%;4
3072;454;51;360p30;30;0;11%;4
3072;462;43;360p30;30;0;9%;4
3072;408;33;360p30;30;0;9%;4
3584;358;45;360p30;30;0;4%;4
3584;377;56;360p30;30;0;13%;4
3584;324;32;360p30;30;0;11%;4
3584;318;27;360p30;30;0;8%;4
3584;421;58;360p30;30;0;10%;4
3584;318;27;360p30;30;0;8%;4
4096;465;32;360p30;30;0;13%;4
4096;490;54;360p30;30;0;14%;4
4096;490;54;360p30;30;0;16%;4
4096;376;46;360p30;30;0;14%;4
4096;346;96;360p30;30;0;8%;4
4608;435;49;360p30;30;0;13%;4
4608;444;49;360p30;30;0;16%;4
4608;407;63;360p30;30;0;16%;4
1536;377;63;480p30;30;2;4%;4
2048;349;68;480p30;30;1;4%;4
2048;300;33;480p30;30;0;15%;4
2560;316;52;480p30;30;0;4%;4
2560;395;70;480p30;30;4;4%;4
2560;386;52;480p30;30;0;16%;4
2560;489;82;480p30;30;0;16%;4
3072;449;47;480p30;30;0;4%;4
3072;284;32;480p30;30;1;4%;4
3072;328;52;480p30;30;0;4%;4
3072;447;56;480p30;30;0;10%;4
3072;454;51;480p30;30;1;11%;4
3072;309;30;480p30;30;0;7%;4
3072;304;39;480p30;30;0;7%;4
3072;499;18;480p30;30;0;5%;4
3584;289;37;480p30;30;0;4%;4
3584;324;32;480p30;30;0;10%;4
3584;502;58;480p30;30;0;11%;4
3584;411;32;480p30;30;0;6%;4
4096;490;54;480p30;30;0;13%;4
4096;425;29;480p30;30;0;11%;4
4096;425;29;480p30;30;0;5%;4
4096;307;49;480p30;30;0;13%;4
4608;344;49;480p30;30;0;21%;4
4608;285;54;480p30;30;0;19%;4
4608;348;43;480p30;30;0;11%;4
1536;480;65;720p30;30;0;10%;4
2560;418;39;720p30;30;1;12%;4
3072;379;58;720p30;25;2;11%;4
3584;514;68;720p30;25;1;11%;4
3584;502;58;720p30;25;1;14%;4
4096;465;32;720p30;30;0;15%;4
4608;344;49;720p30;30;0;14%;4
2560;480;73;1080p30;10;0;11%;4
2560;486;78;1080p30;10;0;15%;4
3584;435;71;1080p30;20;1;11%;4
2560;305;61;360p30;30;0;4%;5
2560;456;42;360p30;30;0;4%;5
2560;411;38;360p30;30;0;13%;5
3072;330;52;360p30;30;0;3%;5
3072;424;46;360p30;30;0;9%;5
3584;379;73;360p30;30;0;13%;5
3584;477;57;360p30;30;0;14%;5
3584;341;33;360p30;30;0;16%;5
3584;411;32;360p30;30;0;8%;5
3584;424;50;360p30;30;0;12%;5
4096;274;39;360p30;30;0;4%;5
4096;496;116;360p30;30;0;13%;5
4096;334;65;360p30;30;0;19%;5
4096;292;37;360p30;30;0;9%;5
4608;319;50;360p30;30;0;4%;5
2048;302;46;480p30;30;2;4%;5
2560;470;84;480p30;30;0;4%;5
2560;516;64;480p30;30;0;16%;5
3072;273;23;480p30;30;0;4%;5
3072;523;54;480p30;30;0;3%;5
3584;358;45;480p30;30;0;3%;5
3584;333;34;480p30;30;0;3%;5
3584;502;58;480p30;30;0;13%;5
4096;465;71;480p30;30;0;10%;5
4096;334;65;480p30;30;0;15%;5
4608;319;50;480p30;30;0;4%;5
4608;319;50;480p30;30;3;4%;5
4608;495;43;480p30;30;0;13%;5
4608;439;36;480p30;30;0;9%;5
3072;487;42;720p30;30;6;13%;5
3072;379;58;720p30;25;0;19%;5
3584;333;34;720p30;30;0;4%;5
3584;322;55;720p30;30;0;19%;5
3584;379;73;720p30;30;0;11%;5
3584;377;56;720p30;30;0;11%;5
3584;330;27;720p30;30;0;15%;5
3584;392;45;720p30;30;0;16%;5
4096;455;33;720p30;30;0;13%;5
4096;465;32;720p30;30;0;13%;5
4096;496;116;720p30;30;0;15%;5
4096;376;46;720p30;30;0;14%;5
4096;346;96;720p30;30;0;8%;5
4096;307;49;720p30;30;0;9%;5
4608;330;52;720p30;30;9;4%;5
4608;435;49;720p30;30;0;13%;5
4608;444;49;720p30;30;0;13%;5
4608;407;63;720p30;30;0;16%;5
4608;390;59;720p30;30;0;13%;5
4608;328;39;720p30;30;0;11%;5
3584;322;55;1080p30;30;0;18%;5
4096;477;50;1080p30;30;0;10%;5
4096;477;50;1080p30;30;0;16%;5
4096;455;33;1080p30;30;0;10%;5
4096;455;33;1080p30;30;0;14%;5
4096;496;116;1080p30;30;0;19%;5
4096;465;71;1080p30;30;0;14%;5
4096;465;71;1080p30;30;0;13%;5
4096;334;65;1080p30;30;0;19%;5
4608;344;49;1080p30;30;0;14%;5
4608;495;43;1080p30;30;0;15%;5
4608;495;43;1080p30;30;0;14%;5
4608;435;49;1080p30;30;0;12%;5
4608;444;49;1080p30;30;0;14%;5
4608;390;59;1080p30;30;0;14%;5
4608;328;39;1080p30;30;0;9%;5
